0.10000000149011612 0.67949
0.20000000298023224 0.827602
0.30000001192092896 0.995462
0.4000000059604645 1.14174
0.5 1.36666
0.6000000238418579 1.51581
0.699999988079071 1.66251
0.800000011920929 1.79249
0.8999999761581421 1.94174
1.0 2.20516
1.100000023841858 2.34177
1.2000000476837158 2.53885
1.2999999523162842 2.71248
1.399999976158142 3.01085
1.5 3.19537
1.600000023841858 3.25669
1.7000000476837158 3.45173
1.7999999523162842 3.59489
1.899999976158142 3.70289
2.0 3.9231
2.0999999046325684 4.0537
2.200000047683716 4.11483
2.299999952316284 4.25633
2.4000000953674316 4.52386
2.5 4.66612
2.5999999046325684 4.8864
2.700000047683716 4.99705
2.799999952316284 5.27124
2.9000000953674316 5.56536
3.0 5.82851
3.0999999046325684 5.84122
3.200000047683716 6.10653
3.299999952316284 6.33524
3.4000000953674316 6.35274
3.5 6.78451
3.5999999046325684 6.75847
3.700000047683716 6.78655
3.799999952316284 6.88057
3.9000000953674316 7.38085
4.0 7.32829
4.099999904632568 7.85923
4.199999809265137 7.83507
4.300000190734863 7.83803
4.400000095367432 8.04893
4.5 8.13807
4.599999904632568 8.44801
4.699999809265137 8.65686
4.800000190734863 8.97813
4.900000095367432 9.18738
5.0 9.24339
5.099999904632568 9.50163
5.199999809265137 9.66758
5.300000190734863 9.9484
5.400000095367432 10.1611
5.5 10.5029
5.599999904632568 10.5544
5.699999809265137 10.9235
5.800000190734863 11.2669
5.900000095367432 11.5155
6.0 11.1019
6.099999904632568 11.372
6.199999809265137 11.4396
6.300000190734863 11.6835
6.400000095367432 12.0781
6.5 11.8101
6.599999904632568 11.7287
6.699999809265137 11.7635
6.800000190734863 11.9574
6.900000095367432 12.1245
7.0 12.4747
7.099999904632568 12.7828
7.199999809265137 12.9148
7.300000190734863 13.0881
7.400000095367432 13.5896
7.5 13.8566
7.599999904632568 13.8259
7.699999809265137 13.7983
7.800000190734863 14.25
7.900000095367432 14.1488
8.0 14.1653
8.100000381469727 14.0629
8.199999809265137 14.623
8.300000190734863 14.681
8.399999618530273 14.7507
8.5 14.8809
8.600000381469727 14.7685
8.699999809265137 14.8591
8.800000190734863 15.1608
8.899999618530273 15.3722
9.0 15.6325
9.100000381469727 15.9401
9.199999809265137 15.7665
9.300000190734863 15.8937
9.399999618530273 16.2672
9.5 16.7948
9.600000381469727 16.941
9.699999809265137 17.115
9.800000190734863 17.277
9.899999618530273 17.5558
10.0 17.8723
