0.10000000149011612 0.100302
0.20000000298023224 0.206637
0.30000001192092896 0.339883
0.4000000059604645 0.477216
0.5 0.641904
0.6000000238418579 0.79335
0.699999988079071 0.959957
0.800000011920929 1.11142
0.8999999761581421 1.25209
1.0 1.4129
1.100000023841858 1.57389
1.2000000476837158 1.76914
1.2999999523162842 1.93931
1.399999976158142 2.12017
1.5 2.34468
1.600000023841858 2.47051
1.7000000476837158 2.61769
1.7999999523162842 2.76033
1.899999976158142 2.93145
2.0 3.07301
2.0999999046325684 3.2625
2.200000047683716 3.3344
2.299999952316284 3.52377
2.4000000953674316 3.79081
2.5 3.93508
2.5999999046325684 4.16904
2.700000047683716 4.1837
2.799999952316284 4.49387
2.9000000953674316 4.66696
3.0 4.95786
3.0999999046325684 5.20729
3.200000047683716 5.30817
3.299999952316284 5.51442
3.4000000953674316 5.64363
3.5 5.92159
3.5999999046325684 5.81521
3.700000047683716 6.00659
3.799999952316284 6.18642
3.9000000953674316 6.40352
4.0 6.62672
4.099999904632568 6.987
4.199999809265137 6.94471
4.300000190734863 7.06862
4.400000095367432 7.3022
4.5 7.40613
4.599999904632568 7.52319
4.699999809265137 7.93507
4.800000190734863 8.08801
4.900000095367432 8.44077
5.0 8.52182
5.099999904632568 8.79843
5.199999809265137 8.92301
5.300000190734863 9.08416
5.400000095367432 9.33223
5.5 9.59342
5.599999904632568 9.78767
5.699999809265137 10.1495
5.800000190734863 10.3697
5.900000095367432 10.7071
6.0 10.2899
6.099999904632568 10.5389
6.199999809265137 10.738
6.300000190734863 10.8143
6.400000095367432 11.1178
6.5 10.9534
6.599999904632568 10.7463
6.699999809265137 11.1116
6.800000190734863 11.1294
6.900000095367432 11.3622
7.0 11.4772
7.099999904632568 11.9625
7.199999809265137 12.0444
7.300000190734863 12.2721
7.400000095367432 12.7041
7.5 12.8369
7.599999904632568 13.0107
7.699999809265137 13.0016
7.800000190734863 13.3564
7.900000095367432 13.2843
8.0 13.4022
8.100000381469727 13.2508
8.199999809265137 13.8582
8.300000190734863 13.8662
8.399999618530273 13.9476
8.5 14.133
8.600000381469727 13.9534
8.699999809265137 14.2214
8.800000190734863 14.4912
8.899999618530273 14.4866
9.0 14.814
9.100000381469727 15.0254
9.199999809265137 14.784
9.300000190734863 15.2102
9.399999618530273 15.4806
9.5 15.8014
9.600000381469727 16.0952
9.699999809265137 16.2471
9.800000190734863 16.3713
9.899999618530273 16.7539
10.0 16.8232
