0.10000000149011612 0.467578
0.20000000298023224 0.570593
0.30000001192092896 0.698639
0.4000000059604645 0.820697
0.5 0.961331
0.6000000238418579 1.10333
0.699999988079071 1.23618
0.800000011920929 1.37558
0.8999999761581421 1.47214
1.0 1.63888
1.100000023841858 1.74999
1.2000000476837158 1.94507
1.2999999523162842 2.10653
1.399999976158142 2.29439
1.5 2.51468
1.600000023841858 2.62937
1.7000000476837158 2.72086
1.7999999523162842 2.85376
1.899999976158142 3.03678
2.0 3.17026
2.0999999046325684 3.33245
2.200000047683716 3.415
2.299999952316284 3.61572
2.4000000953674316 3.84732
2.5 3.89031
2.5999999046325684 4.11933
2.700000047683716 4.21319
2.799999952316284 4.52437
2.9000000953674316 4.70383
3.0 4.93312
3.0999999046325684 5.14224
3.200000047683716 5.2422
3.299999952316284 5.46925
3.4000000953674316 5.58862
3.5 5.85625
3.5999999046325684 5.74083
3.700000047683716 5.92107
3.799999952316284 6.08871
3.9000000953674316 6.3643
4.0 6.5501
4.099999904632568 6.94516
4.199999809265137 6.76614
4.300000190734863 6.95641
4.400000095367432 7.14892
4.5 7.20439
4.599999904632568 7.41289
4.699999809265137 7.79103
4.800000190734863 7.91318
4.900000095367432 8.32429
5.0 8.39356
5.099999904632568 8.61405
5.199999809265137 8.7603
5.300000190734863 8.93112
5.400000095367432 9.14242
5.5 9.48196
5.599999904632568 9.59736
5.699999809265137 9.93193
5.800000190734863 10.1975
5.900000095367432 10.5014
6.0 10.0912
6.099999904632568 10.3413
6.199999809265137 10.499
6.300000190734863 10.5642
6.400000095367432 10.9709
6.5 10.7066
6.599999904632568 10.5912
6.699999809265137 10.8895
6.800000190734863 10.874
6.900000095367432 11.2246
7.0 11.2606
7.099999904632568 11.7071
7.199999809265137 11.7959
7.300000190734863 12.1511
7.400000095367432 12.4662
7.5 12.6111
7.599999904632568 12.8049
7.699999809265137 12.7863
7.800000190734863 13.1123
7.900000095367432 13.0802
8.0 13.2582
8.100000381469727 13.0162
8.199999809265137 13.4998
8.300000190734863 13.6095
8.399999618530273 13.7214
8.5 13.9581
8.600000381469727 13.7134
8.699999809265137 13.9474
8.800000190734863 14.3188
8.899999618530273 14.3405
9.0 14.58
9.100000381469727 14.7602
9.199999809265137 14.5503
9.300000190734863 14.9167
9.399999618530273 15.3018
9.5 15.6535
9.600000381469727 15.8374
9.699999809265137 16.058
9.800000190734863 16.064
9.899999618530273 16.5884
10.0 16.5731
